0.000000
0.000000
0.000000
0.000000
0.000000
0.001000
0.000000
0.000000
0.000000
0.000000
0.000000
0.008000
0.000000
0.008000
0.000000
0.000000
0.008000
0.000000
0.000000
0.000000
0.000000
0.000000
0.008000
0.000000
0.000000
0.007000
0.007000
0.000000
0.000000
0.000000
0.008000
0.008000
0.008000
0.004000
0.008000
0.000000
0.016000
0.000000
0.016000
0.017000
0.017000
0.015000
0.009000
0.011000
0.010000
0.012000
0.026000
0.016000
0.016000
0.014000
0.015000
0.008000
0.016000
0.016000
0.033000
0.032000
0.015000
0.016000
0.031000
0.030000
0.032000
0.024000
0.019000
0.023000
0.031000
0.031000
0.031000
0.040000
0.032000
0.032000
0.031000
0.032000
0.031000
0.040000
0.066000
0.047000
0.032000
0.030000
0.044000
0.047000
0.047000
0.031000
0.048000
0.047000
0.047000
0.047000
0.048000
0.051000
0.048000
0.077000
0.048000
0.064000
0.064000
0.064000
0.072000
0.066000
0.066000
0.065000
0.070000
0.100000
0.091000
0.063000
0.079000
0.063000
0.111000
0.079000
0.094000
0.135000
0.096000
0.076000
0.096000
0.094000
0.111000
0.110000
0.076000
0.094000
0.079000
0.094000
0.204000
0.188000
0.142000
0.196000
0.210000
0.206000
0.205000
0.219000
0.231000
0.221000
0.220000
0.241000
0.221000
0.247000
0.268000
0.245000
0.202000
0.251000
0.251000
0.258000
0.267000
0.268000
0.266000
0.272000
0.286000
0.134000
0.174000
0.156000
0.130000
0.160000
0.150000
0.141000
0.141000
0.141000
0.142000
0.152000
0.147000
0.158000
0.155000
0.160000
0.158000
0.167000
0.158000
0.196000
0.166000
0.158000
0.207000
0.182000
0.169000
0.184000
0.169000
0.190000
0.183000
0.176000
0.195000
0.181000
0.198000
0.191000
0.204000
0.190000
0.235000
0.203000
0.214000
0.310000
0.267000
0.223000
0.230000
0.274000
0.220000
0.222000
0.222000
0.388000
0.238000
0.282000
0.281000
0.250000
0.238000
0.244000
0.251000
0.350000
0.241000
0.394000
0.269000
0.252000
0.247000
0.271000
0.314000
0.274000
0.265000
0.293000
0.348000
0.329000
0.283000
0.300000
0.286000
0.293000
0.282000
0.292000
0.345000
0.378000
0.304000
0.363000
0.298000
0.307000
0.308000
0.394000
0.315000
0.474000
0.365000
0.317000
0.359000
0.425000
0.333000
0.337000
0.341000
0.419000
0.342000
0.449000
0.482000
0.449000
0.353000
0.380000
0.378000
0.391000
0.358000
0.439000
0.466000
0.481000
0.482000
0.417000
0.506000
0.428000
0.498000
0.413000
0.492000
0.500000
0.406000
0.403000
0.412000
0.412000
0.474000
0.475000
0.687000
0.483000
0.513000
0.426000
0.528000
0.464000
0.690000
0.508000
0.498000
0.458000
0.470000
0.618000
0.587000
0.668000
0.599000
0.514000
0.584000
0.482000
0.520000
0.577000
0.648000
0.529000
0.677000
0.500000
0.699000
0.744000
0.637000
0.503000
0.608000
0.654000
0.581000
0.552000
0.555000
0.576000
0.633000
0.720000
0.615000
0.659000
0.555000
0.739000
0.760000
0.727000
0.621000
0.608000
0.650000
0.645000
0.806000
0.717000
0.653000
0.694000
0.713000
0.614000
0.669000
0.805000
0.710000
0.806000
0.702000
0.653000
0.711000
0.720000
0.683000
0.709000
0.860000
0.912000
0.899000
0.719000
0.755000
0.895000
0.825000
0.891000
0.758000
0.722000
0.686000
0.741000
0.707000
0.807000
0.926000
0.774000
0.754000
0.712000
0.895000
0.724000
0.938000
0.789000
0.794000
0.748000
0.741000
0.754000
0.759000
0.756000
0.766000
0.807000
0.975000
1.052000
0.789000
0.865000
0.881000
1.000000
0.866000
0.798000
0.956000
0.941000
1.053000
0.836000
0.873000
0.861000
1.000000
0.839000
0.903000
0.954000
0.996000
0.930000
1.011000
0.967000
0.875000
0.926000
1.000000
0.898000
0.978000
0.924000
0.940000
0.954000
1.150000
0.918000
0.964000
0.996000
1.027000
1.031000
1.160000
0.960000
0.987000
1.032000
0.997000
0.967000
1.190000
1.161000
1.228000
1.061000
1.313000
1.001000
1.206000
1.247000
1.230000
1.129000
1.097000
1.159000
1.082000
1.271000
1.159000
1.096000
1.375000
1.291000
1.160000
1.104000
1.212000
1.437000
1.146000
1.280000
1.279000
1.744000
1.236000
1.146000
2.025000
2.608000
2.433000
0.922000
2.550000
1.316000
1.237000
1.159000
1.398000
1.412000
1.280000
1.249000
1.390000
1.421000
1.281000
1.193000
1.399000
1.533000
1.366000
1.400000
1.341000
1.231000
1.602000
1.244000
1.335000
1.715000
1.327000
1.443000
1.382000
1.324000
1.818000
1.478000
1.467000
1.459000
1.869000
1.382000
1.460000
1.580000
1.635000
1.339000
1.433000
1.531000
1.539000
1.397000
1.562000
1.497000
1.555000
1.515000
1.671000
1.524000
1.492000
2.858000
2.395000
1.170000
3.074000
1.874000
1.753000
3.232000
3.216000
3.206000
3.202000
1.974000
3.242000
3.245000
1.716000
3.278000
3.368000
3.432000
3.363000
1.559000
1.502000
1.662000
1.546000
1.563000
1.536000
1.532000
1.586000
1.598000
1.614000
1.702000
1.623000
1.640000
1.587000
1.676000
1.711000
1.692000
1.683000
1.682000
1.664000
1.631000
1.645000
1.874000
1.656000
1.765000
1.802000
1.677000
1.668000
1.708000
1.780000
1.881000
1.729000
1.709000
1.804000
1.786000
1.725000
1.903000
1.808000
1.749000
1.798000
1.804000
1.864000
1.869000
1.921000
1.863000
1.919000
1.927000
2.026000
1.821000
2.013000
1.987000
1.831000
2.045000
1.937000
1.974000
2.041000
1.933000
1.925000
1.920000
1.927000
1.889000
1.933000
1.903000
2.020000
2.017000
2.021000
1.953000
2.147000
2.047000
2.080000
1.970000
2.132000
2.027000
2.246000
1.996000
2.132000
2.174000
2.090000
2.043000
2.247000
2.345000
2.326000
2.159000
2.114000
2.157000
2.160000
2.073000
2.127000
2.233000
2.139000
2.200000
2.197000
2.228000
2.111000
2.167000
2.148000
2.437000
2.204000
2.338000
2.202000
2.184000
2.298000
2.603000
2.298000
2.295000
2.255000
2.230000
2.313000
2.392000
2.281000
2.335000
2.405000
2.566000
2.280000
2.275000
2.324000
2.400000
2.440000
2.371000
2.475000
2.462000
2.603000
2.371000
2.392000
2.354000
2.602000
2.460000
2.506000
2.482000
2.418000
2.416000
2.532000
2.687000
2.617000
2.557000
2.837000
2.678000
2.555000
2.500000
2.638000
2.472000
2.606000
2.597000
2.536000
2.759000
2.666000
2.692000
2.817000
2.682000
2.597000
2.632000
2.919000
3.054000
2.919000
3.232000
3.161000
3.117000
3.055000
3.261000
3.178000
2.960000
3.287000
3.161000
3.129000
3.144000
3.348000
3.487000
3.268000
3.176000
3.244000
3.300000
3.135000
3.309000
3.317000
3.174000
3.469000
3.330000
3.322000
3.237000
3.303000
3.508000
3.244000
3.403000
3.443000
3.446000
3.344000
3.685000
3.207000
3.305000
2.986000
2.906000
3.056000
3.092000
3.064000
3.076000
3.162000
3.038000
2.936000
3.250000
3.063000
3.204000
3.021000
3.211000
3.046000
3.161000
3.052000
3.130000
3.028000
3.326000
3.114000
3.216000
3.073000
3.254000
3.503000
3.132000
3.198000
3.359000
3.125000
3.217000
3.324000
3.306000
3.264000
3.195000
3.248000
3.178000
3.190000
3.367000
3.661000
3.371000
3.271000
3.266000
3.229000
3.572000
3.927000
3.285000
3.313000
3.308000
3.476000
3.535000
3.459000
3.690000
4.401000
3.826000
4.093000
4.061000
3.807000
3.974000
4.054000
3.899000
4.000000
3.910000
4.031000
3.971000
4.320000
4.174000
3.990000
3.957000
3.920000
4.484000
4.114000
4.233000
4.365000
4.271000
4.005000
3.755000
3.669000
3.792000
3.716000
3.674000
3.662000
3.626000
3.801000
3.782000
3.817000
3.633000
3.826000
3.659000
3.834000
3.804000
3.878000
3.910000
3.889000
3.912000
3.880000
3.921000
4.042000
3.803000
3.941000
3.866000
3.963000
4.160000
3.848000
3.961000
4.168000
5.448000
3.621000
3.280000
3.236000
3.258000
3.356000
3.387000
3.405000
3.535000
3.518000
3.459000
3.497000
3.550000
3.526000
3.599000
3.555000
3.638000
3.539000
3.644000
3.609000
3.650000
3.669000
3.684000
3.673000
3.781000
3.729000
3.703000
3.803000
3.748000
3.780000
3.797000
3.797000
3.749000
3.935000
3.870000
3.833000
4.309000
3.820000
3.828000
3.764000
3.827000
3.851000
3.856000
3.859000
3.909000
3.954000
3.845000
4.000000
3.955000
3.942000
3.938000
3.963000
3.968000
3.993000
3.953000
3.972000
4.158000
3.954000
4.011000
4.032000
3.954000
4.037000
4.083000
4.039000
4.009000
4.061000
4.126000
4.078000
4.047000
4.125000
4.199000
4.110000
4.167000
4.229000
4.142000
4.151000
4.197000
4.182000
4.210000
4.194000
4.274000
4.218000
4.390000
4.301000
4.308000
4.295000
4.312000
4.280000
4.348000
4.332000
4.311000
4.395000
4.382000
4.403000
4.342000
4.309000
4.342000
4.432000
4.351000
4.450000
4.434000
4.391000
4.464000
4.546000
4.539000
4.483000
5.036000
6.247000
4.139000
4.155000
4.311000
4.384000
4.381000
4.368000
4.421000
4.431000
4.523000
4.516000
4.505000
4.495000
4.868000
4.618000
4.625000
4.648000
4.595000
4.556000
4.725000
4.652000
4.743000
4.661000
4.672000
4.711000
4.690000
4.759000
4.703000
4.713000
4.777000
4.802000
4.755000
4.766000
4.753000
4.813000
4.861000
4.896000
4.834000
4.874000
4.859000
4.872000
4.862000
4.937000
4.910000
4.983000
5.019000
7.370000
4.996000
4.955000
4.891000
4.918000
4.877000
4.951000
5.007000
4.990000
5.054000
5.097000
5.055000
5.087000
5.069000
5.097000
5.053000
5.115000
5.198000
5.162000
5.126000
5.446000
5.245000
5.194000
5.265000
5.255000
5.229000
5.252000
5.246000
5.288000
5.259000
5.329000
5.473000
5.290000
5.349000
5.368000
5.347000
5.367000
5.302000
5.393000
5.585000
5.390000
6.037000
5.476000
7.720000
5.290000
5.424000
5.270000
5.412000
8.244000
6.063000
6.050000
6.195000
6.134000
6.493000
6.094000
6.132000
6.326000
6.619000
7.805000
7.060000
6.504000
6.373000
