0.000000
0.000000
0.000000
0.000000
0.005000
0.000000
0.001000
0.002000
0.000000
0.000000
0.000000
0.000000
0.000000
0.000000
0.008000
0.000000
0.000000
0.008000
0.008000
0.008000
0.011000
0.005000
0.008000
0.011000
0.009000
0.007000
0.008000
0.016000
0.017000
0.016000
0.008000
0.017000
0.013000
0.016000
0.015000
0.016000
0.015000
0.019000
0.013000
0.015000
0.015000
0.024000
0.024000
0.035000
0.035000
0.017000
0.020000
0.031000
0.018000
0.031000
0.040000
0.031000
0.048000
0.040000
0.071000
0.032000
0.047000
0.032000
0.033000
0.031000
0.048000
0.046000
0.047000
0.040000
0.048000
0.051000
0.044000
0.039000
0.064000
0.048000
0.063000
0.063000
0.063000
0.082000
0.075000
0.062000
0.081000
0.074000
0.064000
0.064000
0.079000
0.080000
0.080000
0.079000
0.079000
0.082000
0.094000
0.101000
0.096000
0.095000
0.088000
0.094000
0.173000
0.087000
0.117000
0.126000
0.127000
0.114000
0.181000
0.162000
0.141000
0.164000
0.125000
0.141000
0.152000
0.176000
0.227000
0.186000
0.158000
0.259000
0.133000
0.173000
0.220000
0.241000
0.158000
0.235000
0.174000
0.292000
0.363000
0.368000
0.355000
0.381000
0.336000
0.393000
0.392000
0.408000
0.403000
0.397000
0.424000
0.419000
0.433000
0.333000
0.441000
0.431000
0.415000
0.430000
0.484000
0.487000
0.503000
0.504000
0.520000
0.515000
0.347000
0.246000
0.253000
0.262000
0.325000
0.244000
0.255000
0.395000
0.261000
0.275000
0.275000
0.350000
0.315000
0.280000
0.286000
0.277000
0.300000
0.292000
0.475000
0.308000
0.308000
0.380000
0.329000
0.347000
0.359000
0.330000
0.330000
0.330000
0.346000
0.346000
0.346000
0.356000
0.370000
0.486000
0.448000
0.388000
0.373000
0.362000
0.378000
0.458000
0.420000
0.416000
0.425000
0.409000
0.442000
0.413000
0.458000
0.528000
0.505000
0.554000
0.520000
0.446000
0.448000
0.496000
0.565000
0.489000
0.509000
0.639000
0.639000
0.560000
0.550000
0.569000
0.515000
0.576000
0.623000
0.561000
0.607000
0.564000
0.624000
0.687000
0.576000
0.698000
0.537000
0.591000
0.610000
0.661000
0.656000
0.566000
0.693000
0.640000
0.623000
0.591000
0.687000
0.596000
0.768000
0.652000
0.652000
0.736000
0.654000
0.679000
0.734000
0.737000
0.653000
0.774000
0.647000
0.841000
0.725000
0.742000
0.833000
0.780000
0.813000
0.694000
0.763000
0.753000
0.842000
0.806000
1.044000
0.891000
1.044000
1.052000
0.886000
0.890000
0.791000
0.860000
0.969000
0.771000
0.900000
0.985000
0.950000
0.919000
0.802000
0.828000
0.924000
0.835000
0.852000
0.910000
0.924000
0.970000
1.003000
1.125000
1.064000
1.229000
1.106000
1.161000
0.994000
1.066000
1.116000
0.952000
1.095000
0.979000
1.089000
0.939000
1.091000
1.028000
1.035000
1.190000
1.010000
1.085000
0.985000
1.165000
1.207000
1.340000
1.150000
1.281000
1.101000
1.189000
1.264000
1.178000
1.357000
1.233000
1.279000
1.220000
1.321000
1.159000
1.406000
1.234000
1.112000
1.341000
1.193000
1.262000
1.352000
1.206000
1.146000
1.253000
1.397000
1.355000
1.376000
1.200000
1.286000
1.271000
1.414000
1.330000
1.451000
1.450000
1.437000
1.631000
1.393000
1.355000
1.436000
1.433000
1.283000
1.457000
1.484000
1.627000
1.896000
1.378000
1.387000
1.709000
1.640000
1.510000
1.538000
1.816000
1.489000
1.438000
1.623000
1.410000
1.438000
1.531000
1.782000
1.521000
1.503000
1.687000
1.458000
1.470000
1.728000
1.498000
1.630000
1.511000
1.720000
1.670000
1.559000
2.068000
1.560000
1.881000
1.717000
2.051000
1.660000
1.785000
1.908000
2.147000
1.675000
1.951000
1.657000
1.871000
1.800000
1.843000
2.037000
1.713000
1.851000
1.956000
1.801000
2.045000
1.729000
1.822000
1.878000
1.845000
2.119000
2.053000
1.788000
1.842000
1.874000
1.901000
1.909000
2.056000
2.044000
2.203000
1.976000
2.299000
2.220000
1.997000
2.176000
1.982000
2.570000
2.324000
2.288000
2.226000
2.091000
2.148000
2.275000
2.160000
2.192000
2.270000
2.106000
2.301000
2.403000
2.222000
2.527000
2.384000
2.234000
2.057000
4.292000
4.486000
2.101000
2.057000
3.625000
2.494000
2.373000
2.596000
2.424000
2.625000
2.330000
2.622000
2.357000
2.382000
2.434000
2.285000
2.246000
2.531000
2.626000
2.487000
2.314000
2.382000
2.427000
2.611000
2.606000
2.517000
2.596000
2.739000
2.736000
2.701000
3.039000
2.546000
2.466000
2.960000
2.877000
2.526000
3.015000
3.060000
2.468000
2.657000
2.514000
2.729000
2.721000
2.689000
2.674000
2.951000
2.946000
2.776000
3.403000
2.738000
2.671000
5.887000
2.215000
4.851000
3.533000
3.425000
3.754000
5.877000
5.976000
5.931000
5.950000
6.020000
6.026000
4.308000
6.027000
6.128000
6.053000
6.150000
5.252000
2.885000
3.090000
2.955000
3.102000
2.904000
3.001000
3.010000
3.094000
2.928000
3.140000
3.048000
3.117000
2.993000
3.201000
3.037000
3.015000
3.071000
3.212000
3.124000
3.125000
3.152000
3.191000
3.159000
3.210000
3.183000
3.105000
3.222000
3.204000
3.359000
3.750000
3.496000
3.461000
3.461000
3.423000
3.329000
3.461000
3.392000
3.276000
3.434000
3.393000
3.390000
3.423000
3.427000
3.668000
3.509000
3.464000
3.452000
3.570000
3.662000
3.723000
3.458000
3.569000
3.435000
3.449000
3.538000
3.473000
3.764000
3.628000
3.567000
3.561000
3.751000
3.630000
3.668000
3.758000
3.651000
3.613000
3.739000
3.622000
3.814000
3.687000
3.825000
3.854000
3.744000
3.990000
3.813000
3.845000
3.877000
3.948000
3.926000
4.009000
3.983000
3.979000
4.238000
4.024000
4.051000
4.048000
4.199000
4.222000
4.078000
4.147000
4.161000
3.966000
4.046000
4.061000
4.014000
4.122000
4.279000
4.195000
4.113000
4.185000
4.187000
4.299000
4.410000
4.558000
4.212000
4.280000
4.194000
4.162000
4.249000
4.261000
4.297000
4.373000
4.358000
4.450000
4.354000
4.299000
4.368000
4.398000
4.420000
4.535000
4.560000
4.784000
4.518000
4.812000
4.457000
4.422000
4.854000
4.658000
4.700000
4.518000
4.712000
5.003000
4.524000
4.626000
4.787000
4.843000
4.822000
4.838000
4.685000
5.067000
4.855000
4.742000
4.915000
4.771000
4.769000
4.969000
4.911000
5.081000
5.218000
5.048000
4.805000
5.343000
5.730000
5.724000
5.874000
5.531000
5.681000
5.904000
5.501000
5.840000
6.122000
5.955000
5.740000
5.902000
5.822000
6.391000
6.100000
5.938000
5.802000
6.121000
5.640000
6.094000
6.046000
5.930000
6.144000
6.050000
6.050000
5.994000
6.701000
6.337000
6.170000
6.264000
6.401000
6.101000
6.233000
6.437000
6.215000
6.490000
5.697000
5.500000
5.567000
5.907000
5.439000
5.651000
5.864000
5.838000
5.794000
5.647000
5.606000
5.935000
5.619000
5.845000
5.755000
5.861000
5.810000
5.854000
5.759000
5.880000
6.097000
5.981000
6.174000
5.910000
6.342000
5.932000
6.096000
5.804000
6.147000
6.075000
6.206000
6.036000
5.994000
6.023000
6.354000
6.269000
6.087000
6.486000
6.165000
6.274000
6.091000
6.228000
6.273000
6.479000
6.568000
6.538000
6.234000
6.392000
6.237000
6.539000
6.263000
6.391000
7.245000
7.384000
7.564000
7.494000
7.566000
7.723000
7.376000
7.211000
7.519000
7.504000
7.536000
7.741000
7.117000
7.742000
7.432000
7.654000
7.397000
7.511000
8.890000
7.403000
7.700000
7.937000
8.039000
6.654000
6.914000
7.008000
6.919000
6.993000
7.060000
6.892000
6.733000
7.226000
7.028000
7.215000
7.201000
7.260000
7.157000
6.953000
6.947000
7.161000
7.070000
7.047000
7.179000
7.204000
7.078000
7.136000
7.369000
7.300000
7.250000
7.409000
7.559000
7.304000
7.451000
7.348000
14.107000
6.070000
5.947000
6.030000
6.177000
6.211000
6.286000
6.355000
6.402000
6.460000
6.397000
6.469000
6.529000
6.577000
6.538000
6.590000
6.557000
6.708000
6.654000
6.704000
6.731000
6.733000
6.890000
6.828000
6.916000
6.903000
6.893000
6.994000
6.922000
6.955000
7.004000
7.044000
7.131000
7.075000
7.143000
7.356000
7.755000
7.103000
7.093000
7.016000
7.000000
7.072000
7.087000
7.056000
7.059000
7.138000
7.299000
7.265000
7.217000
7.232000
7.084000
7.389000
7.267000
7.257000
7.261000
7.316000
7.323000
7.303000
7.391000
7.388000
7.393000
7.332000
7.434000
7.483000
7.513000
7.448000
7.529000
7.389000
7.517000
7.578000
7.565000
7.627000
7.660000
7.646000
7.675000
7.705000
7.693000
7.787000
7.766000
7.698000
7.738000
7.841000
7.903000
7.966000
7.854000
7.875000
7.794000
7.913000
7.919000
7.823000
7.871000
7.968000
7.969000
7.967000
7.906000
8.108000
8.178000
8.114000
8.149000
8.164000
8.138000
8.160000
8.138000
8.257000
8.287000
8.271000
8.999000
7.899000
7.762000
7.828000
8.096000
8.068000
8.067000
8.110000
8.200000
8.223000
8.277000
8.326000
8.388000
8.302000
8.632000
8.467000
8.462000
8.406000
8.443000
8.504000
8.579000
8.588000
8.611000
8.588000
8.675000
8.634000
8.710000
8.712000
8.685000
8.716000
8.673000
8.628000
8.767000
8.652000
8.767000
8.779000
8.671000
8.902000
8.839000
8.952000
8.864000
9.000000
8.935000
8.932000
8.955000
9.098000
9.595000
9.274000
9.178000
9.168000
9.201000
9.251000
9.127000
9.110000
9.315000
9.195000
9.329000
9.253000
9.322000
9.337000
9.408000
9.356000
9.441000
9.446000
9.497000
9.433000
9.522000
9.598000
9.557000
9.548000
9.640000
9.605000
9.647000
9.698000
9.628000
9.627000
9.657000
9.876000
9.908000
9.861000
9.805000
9.834000
9.773000
9.853000
9.911000
9.942000
10.110000
9.858000
9.990000
33.466000
9.774000
9.884000
10.153000
9.802000
12.485000
12.128000
11.498000
11.438000
11.432000
11.661000
11.559000
11.478000
11.292000
11.516000
12.722000
13.123000
11.744000
11.791000
11.719000
